`y` <-
structure(c(6.19353318601761, 11.3653030864626, 2.96452529274545, 
6.02201153311814, 17.2693077256709, 3.45301072295717, 0.381446805299406, 
0.159443682896902, 2.03343732478064, -1.20921007392348, 4.94970448206048, 
0.583417174141271, -0.96122396995407, 16.2535429452129, -0.201635884681544, 
-1.40498886960121, 8.55448855198282, -1.8424532525951, 5.1201843057903, 
2.94626063047028, 18.6271366194859, 22.9364962498547, -1.42089505064725, 
7.42108790646752, 6.61385197723137, 0.67898725717422, -0.00261654240952813, 
2.58588855298423, -1.87934341510873, -1.83637897193626, 0.139678387365206, 
0.175117662734391, 8.0456098452872, 1.02764899194053, 0.627460389691204, 
2.79741640646091, 3.8840383708311, 0.505715963105968, 49.1063311652647, 
1.31710704874341, 15.6920789734846, 2.25877049426035, 18.1875114798153, 
-1.83411090887743, -1.91277661525653, 0.406849382034762, -0.223640137634752, 
8.46277152598593, 1.45750084468175, 49.2626280558932, 1.88001465829124, 
3.65181090889489, 1.95029890394698, 0.135452201906519, 4.85512129423247, 
14.2018543275699, 32.54691161272, -0.442933764122608, 0.884388097677731, 
14.6896011824800, 11.5165372563888, 39.5387299687561, 27.3558685791568, 
3.07812247712845, 1.15649703857793, -0.86625660736851, -1.49788723163412, 
-1.22276598432768, 0.403053975228508, 4.25884914611838, 1.17080607740834, 
3.02299814364235, 27.4552858922057, 43.1017254641092, 20.3945928715024, 
18.7290571931823, -0.299489644655811, 1.16373556268909, 16.1700138971851, 
0.683719237204978, 7.23299374370181, 13.8022393901691, 4.66607377019037, 
5.25410883225953, 3.8669228453255, -2.16882863669836, 4.88920409555147, 
1.93480913971051, 36.9553805737757, 2.67854688796566, -0.847755098165203, 
8.76694845231898, 1.29761223945327, -0.036268926650933, 6.4561642100813, 
61.7870210269667, -0.49396607062263, -1.76490369112532, -0.0059180468392576, 
-0.308775136816871), .Dim = c(100L, 1L))
`x` <-
structure(c(-2.31311561786357, -0.947583438010583, -0.225764182418122, 
-0.677171406617984, 0.904103378073239, -0.438085555677279, -0.785571327344927, 
-0.205967594488919, -0.563481531631948, 1.15398233457241, -1.34525642020459, 
0.0863607390282533, -0.691311870162994, 1.07296398644096, -1.05872052231886, 
0.97508584992063, 1.04829926191302, -0.391231908635496, -0.140623902533839, 
-0.0471436398433915, 2.03023072312808, 0.898482253746053, -0.694417456478473, 
0.162811302617323, 0.593882155336312, -1.28386110240078, -1.6447967795284, 
1.94889846195250, -1.50399819829975, -0.346141107556025, 0.374816744682589, 
-0.0422758882587205, -0.270902484669683, -1.36194653214545, -0.240940039659426, 
-0.896902460643796, 0.101533052894024, -1.09715681456218, 1.99056220618982, 
0.07759763545706, 1.79479313568681, 1.34464293868511, 0.693976885839712, 
-1.27747476960715, -0.0285393487339922, 0.169515217202206, -1.37422082300455, 
0.632803101292043, -1.41087309654194, 1.96631833226700, 0.593557999887696, 
0.755459429084756, 0.79187678247378, 0.647681649144542, 1.14755769887176, 
1.97336788078323, 1.39205219982336, -0.952731980409835, -0.52633203155795, 
0.648523672987674, -0.321834368328303, 1.37620072784179, 1.44904029320871, 
1.66468986343062, 0.299846998891436, -0.530401169870079, -0.407636502322695, 
-0.361438358299755, 0.0662375849713101, 0.283555134643711, -0.146764263083372, 
0.78203350534886, 1.01965078747527, 1.91655911088552, 1.20953971546751, 
2.04274520664576, 0.672444429817206, 1.62171237234075, -1.39073004506639, 
0.0282444326919157, -0.146415268224033, -1.39921059452984, -0.153315281516045, 
-0.902530067780345, 0.709739448789754, -0.627176932758213, -1.12255195541534, 
-0.783785637239837, 1.67596574047932, -0.0515766986864116, 0.106565762410002, 
0.809070837802634, 0.267916313010436, -0.836838083612041, 0.52772678356915, 
1.80077176921590, 0.0651588975385849, 0.517426176201604, -0.67796024787843, 
-1.18689572102934, -0.6870354329269, -1.65710164400494, 0.987253869693352, 
-1.78733025397767, 1.48448582584251, -1.24928186432374, -1.05203701537557, 
0.0558540339848135, 1.11176216249578, -1.74037088653698, -1.13413316648778, 
0.8138532229925, -0.108141051176072, 0.623578015134432, -0.286098721542307, 
-0.577446344674856, 0.552091594833913, -1.65927373286137, 0.795935471299344, 
0.512955881678166, 0.643386206898426, 2.44628754642231, -0.55282352640906, 
0.552383966214095, 0.000241835596586026, -0.259378339794094, 
-0.864388763751132, -0.328406348289728, -0.438576226485727, -0.373559829095031, 
-0.136589956382026, -0.903397326467982, 1.51984564187416, 0.461926493921985, 
0.235276286504896, 0.0241282598350319, 0.121049601214161, 0.0596803947375256, 
2.40835386451136, -0.396476700791331, 1.12069417905578, -0.395430988876749, 
1.46920000686552, -0.614703493687668, -0.0859991526399099, -0.320118684986376, 
-0.267561865148606, -0.00480854303924799, 1.35963093066264, 2.45448607257704, 
-0.811135753031095, 0.903622526401659, 0.350497001112851, 0.46504814714653, 
-0.152252503057979, 0.77189499447273, 1.82218174285005, -0.703190040688288, 
-0.935453688634877, 1.33454817086277, 0.747871690602788, 1.76954690337073, 
1.41098194711565, -0.0897079793753214, 0.763234765984425, -0.884933683026004, 
-0.6195327936111, -0.0449286312541003, -1.16681300015728, 0.882559353839701, 
0.649607818778376, -0.490285038259245, 1.24562732389926, 3.00170160602929, 
0.830477877486227, 1.74976837573216, 0.697690864287345, 0.319068032687947, 
-2.2146879183897, 0.767826032282625, -0.29835040920867, -2.22779811381383, 
-2.50947078988711, -1.16379888085766, -0.517110852546047, -0.650144286015383, 
-0.428648484730647, 1.40991239907896, 1.92810870863225, 0.692718804320285, 
-0.496344401803022, -0.158649134011434, 0.569013168166517, -0.512351814944821, 
-0.319071961600277, 2.6945810286969, 0.462550431322217, -0.173113367562420, 
0.574459358150407, 0.101529126461791, -0.905783532545759, -1.77268359138145, 
-0.121673069224178, -1.26691445719299, 1.14720990572904, -1.30119407480898, 
-0.248809542545522, 0.147460377562709, 0.404622345084571, -0.908257771240327, 
-0.585162660815401, -0.145037776207027, 0.445455180012775, 1.32355840126771, 
-0.662320572674031, -1.88516620442782, 0.383289557625016, 0.352847222775724, 
1.13529353724758, 0.243736733623389, 0.662396721640326, 0.596045958913027, 
0.126783994104457, 0.839039476893389, 1.24588622671306, 0.425296130046527, 
1.41476815184717, -0.857715285121096, 1.00953769080539, -0.476606861140207, 
-0.140064872044283, 0.407044490048554, 0.932442403104188, 0.802331086925281, 
-0.21704564931361, 1.15252703440857, 0.829982910705581, -0.302026041984165, 
1.56114226678309, -1.60561479190451, 0.12793279710793, -0.489509821418989, 
1.16257768922161, 0.0047756756071291, 0.283919294278243, -0.518201765176885, 
0.146221624265104, 1.39861325014221, 0.400850487326323, 1.72759690904461, 
-1.66385063644970, -0.423014892862776, -0.211866204215135, -0.877721641932535, 
0.210512468495659, 0.307469706071858, 1.70453643452500, 1.18858768432098, 
-0.53095851416541, 0.79846118971644, 2.16542539012013, 2.14124464086735, 
1.28542665088545, -0.202448206704342, -0.440138503319961, 0.387165307584312, 
-0.326137166349812, -0.335940999982541, -1.09933664213048, -0.0925508071032671, 
0.242268820396115, 0.964816727021178, 1.85545541101724, 0.810561930351702, 
1.42414458333364, -0.394802822431516, -1.56354036938731, -0.905308375110968, 
-1.26962927295817, -0.124684924353804, -2.94818209783618, -1.24106977303299, 
-0.669417705113174, -1.15654760585217, 0.832908059068977, 0.1630374575028, 
-1.99418454303793, 0.534552316973473, 1.43527560966668, 0.451187070120125, 
-0.837068742381241, 1.14649678101538, -0.652692439320191, -0.448425805394608, 
1.57824342822338, 2.45786572204547, -0.748010036940076, -0.743901200704161, 
0.132435817740831, 0.384404452625616, 0.86233763636549, -0.346038700321189, 
-0.211435065499658, 0.0252309050107807, 1.12563222933864, -1.38327807550231, 
